Aresta_n v_origem Loc_v_origem v_destino Loc_v_destino Distância(km) Velocidade(km/h)
0 1 1 1 3 2 2 14.14 40
1 8 3 0 1 1 1 22.36 80
2 13 6.5 4.5 6 5 3 21.21 50
3 4 3 4 2 4 2 22.36 50
4 12 8 4 11 9 6 22.36 60
5 16 10.4 1 12 8 4 38.42 60
6 10 8 2 5 6 1 22.36 50
7 6 5 3 2 4 2 14.14 40
8 15 2.5 1.5 1 1 1 15.81 40
9 3 2 2 15 2.5 1.5 7.07 30
10 15 2.5 1.5 4 3 4 25.50 60
11 4 3 4 7 1 5 22.36 50
12 7 1 5 3 2 2 31.62 60
13 6 5 3 5 6 1 22.36 50
14 15 2.5 1.5 5 6 1 35.36 60
15 5 6 1 2 4 2 22.36 40
16 10 8 2 16 10.4 1 26.00 40
17 12 8 4 13 6.5 4.5 15.81 40
18 12 8 4 10 8 2 20.00 50
19 6 5 3 10 8 2 31.62 60
20 11 9 6 16 10.4 1 51.92 80
21 8 3 0 5 6 1 31.62 60
22 16 10.4 1 8 3 0 74.67 80
23 1 1 1 7 1 5 40.00 80
24 4 3 4 9 4 5 14.14 40
25 13 6.5 4.5 14 6 5 7.07 30
26 9 4 5 14 6 5 20.00 40
27 14 6 5 6 5 3 22.36 40
28 2 4 2 9 4 5 30.00 60
29 9 4 5 6 5 3 22.36 60
30 7 1 5 11 9 6 80.62 80